[[[3.89625972e+00 1.34647798e+04]
  [2.84197898e+01 1.56396328e+01]
  [1.48569570e+01 7.58539748e+00]
  ...
  [4.12510452e+01 1.10125946e+01]
  [4.73696488e+01 9.92596407e+00]
  [5.36255682e+01 1.11388706e+01]]

 [[1.09893822e+01 8.70867467e+00]
  [2.25922162e-37 1.78870006e+02]
  [9.43271194e+00 5.72816004e+00]
  ...
  [4.18330348e+01 9.19398125e+00]
  [2.19942546e+01 6.28186689e+00]
  [5.37761461e+01 1.22584852e+01]]

 [[5.12870296e+00 3.61649184e+04]
  [4.45119392e+00 1.04609213e+05]
  [1.13856985e+00 2.88619511e-01]
  ...
  [9.39119248e+01 2.16426722e+01]
  [2.25927270e-37 3.78057617e+13]
  [1.13282822e+02 3.17572000e+01]]

 ...

 [[1.13141522e+01 1.14447799e+01]
  [2.25930524e-37 2.34306955e+03]
  [5.16567455e+00 5.10588171e+04]
  ...
  [3.28400833e+01 1.24999046e+01]
  [5.00769290e+00 1.57893888e+05]
  [3.83518345e+01 1.39595303e+01]]

 [[6.53029233e+01 2.37080401e+01]
  [3.66985069e+00 4.00923913e+04]
  [9.98876281e+01 4.53543696e+01]
  ...
  [1.71085999e+01 6.56968929e+00]
  [4.92971335e+00 2.58884948e+04]
  [2.85561373e+01 1.11047697e+01]]

 [[5.21080361e+01 2.07247002e+01]
  [4.85132893e+00 2.03586233e+05]
  [7.93906491e+01 3.03923928e+01]
  ...
  [5.15371209e+00 1.70698250e+04]
  [5.74337614e+00 3.80619210e+03]
  [5.34567048e+00 1.26425619e+04]]]



-------------------------------------------------------------------------------------------------------------------------------------



2023-05-30 13:11:30.800410[[[3.89625972e+00 1.34647798e+04]
  [2.84197898e+01 1.56396328e+01]
  [1.48569570e+01 7.58539748e+00]
  [3.88583482e+00 7.27618165e+03]
  [2.41423527e+01 1.17776868e+01]
  [1.15983949e+01 3.74930086e+00]
  [3.91377786e+01 1.87008035e+01]
  [4.81225790e-01 1.74644801e-01]
  [1.52031897e+01 9.83184586e+00]
  [2.18386904e+01 7.46613892e+00]]

 [[1.09893822e+01 8.70867467e+00]
  [2.25922162e-37 1.78870006e+02]
  [9.43271194e+00 5.72816004e+00]
  [3.93766993e+00 7.55816101e+03]
  [1.04542447e+01 1.72321551e+01]
  [5.09337998e+00 1.63288361e+04]
  [2.25927942e-37 1.27002077e+07]
  [4.44629186e+01 1.85073997e+01]
  [3.96029445e+00 7.64485022e+03]
  [5.30757773e+00 2.60498243e+04]]

 [[5.12870296e+00 3.61649184e+04]
  [4.45119392e+00 1.04609213e+05]
  [1.13856985e+00 2.88619511e-01]
  [8.99181130e+00 1.21752893e+01]
  [2.25923804e-37 4.12167560e+04]
  [3.90112047e+00 8.16771530e+03]
  [4.96643532e+00 7.34069404e+04]
  [1.16359374e+01 7.95502348e+00]
  [4.17236883e+00 3.28391042e+03]
  [2.25922857e-37 2.31984364e+01]]

 [[1.17777077e+01 1.12332416e+01]
  [3.64844549e+00 4.24014454e+04]
  [3.82927960e+01 1.72147802e+01]
  [1.90957013e+01 8.41213929e+00]
  [2.25922180e-37 1.60031498e+07]
  [4.94107000e+00 6.47418556e+04]
  [1.08876670e+02 2.84145969e+01]
  [2.64654510e+00 1.41054125e+11]
  [2.25921070e-37 4.65595898e+05]
  [2.25927242e-37 3.16692755e+00]]

 [[5.29237704e+00 1.12779911e+04]
  [2.11656341e+01 1.00491836e+01]
  [2.66375269e+01 1.22659127e+01]
  [5.07128920e+00 5.97726867e+04]
  [4.93243366e+00 3.31116577e+04]
  [1.66562339e+01 1.10671780e+01]
  [9.71259081e+00 2.33711568e+01]
  [3.94512381e+00 1.02436949e+04]
  [5.43959138e+01 2.56148807e+01]
  [5.27375924e+00 4.49259605e+04]]

 [[2.05061573e+01 9.72497786e+00]
  [2.25922743e-37 1.57355511e+06]
  [2.65370624e+01 1.18623214e+01]
  [4.93210648e+00 1.83068468e+05]
  [6.02348800e+01 2.04259986e+01]
  [2.25930111e-37 1.45424173e+13]
  [4.10265287e+00 6.08844330e+03]
  [5.13968343e+00 7.05344324e+04]
  [5.19834702e+00 5.74964924e+04]
  [2.50201474e+01 9.47909950e+00]]

 [[1.09940092e+01 1.17083358e+01]
  [2.25927456e-37 2.98923369e+01]
  [4.73137382e+00 1.17337074e+05]
  [4.94151332e+00 1.83093315e+05]
  [3.89542154e+00 1.03124274e+04]
  [4.76156336e+00 4.20993283e+05]
  [1.42572541e+01 6.75749446e+00]
  [2.25926330e-37 2.94875668e+02]
  [2.32099847e+01 1.03726315e+01]
  [3.84684387e+00 1.74056653e+04]]

 [[1.64579536e+01 9.91594645e+00]
  [2.25929734e-37 8.64616157e+01]
  [1.12059306e+01 5.34048587e+00]
  [2.25923586e-37 2.09448031e+30]
  [2.25926507e-37 6.05977855e-01]
  [4.75720747e+00 3.75184767e+04]
  [9.23247991e+00 1.67558436e+01]
  [1.34758375e+01 5.79276781e+00]
  [7.96336725e-02 0.00000000e+00]
  [4.02213156e+00 6.19782324e+03]]

 [[2.19662445e+01 6.70974759e+00]
  [1.37690870e+01 7.97425405e+00]
  [4.12029299e+00 6.87468291e+03]
  [2.76934086e+01 1.46634873e+01]
  [4.71370460e+00 1.01697474e+05]
  [1.16721722e+01 4.93353675e+00]
  [1.38476491e+01 6.80331102e+00]
  [2.25930095e-37 1.73873908e+04]
  [2.25918369e-37 0.00000000e+00]
  [3.99732458e+00 1.01150351e+04]]

 [[5.60165175e+00 3.91180759e+03]
  [4.78336187e+00 1.41532178e+05]
  [3.86907531e+00 1.12569682e+04]
  [5.90438241e+00 3.13554240e+03]
  [3.97496280e+00 6.80753112e+03]
  [1.24469383e+00 3.70575900e-01]
  [1.01755866e+01 4.80674300e+00]
  [1.05428276e+01 2.60366220e+01]
  [5.00402725e+00 4.94861805e+04]
  [2.25920309e-37 2.69338562e+01]]]



-------------------------------------------------------------------------------------------------------------------------------------



2023-05-30 13:11:31.865650
[[[3.89625972e+00 1.34647798e+04]
  [2.84197898e+01 1.56396328e+01]
  [1.48569570e+01 7.58539748e+00]
  [3.88583482e+00 7.27618165e+03]
  [2.41423527e+01 1.17776868e+01]
  [1.15983949e+01 3.74930086e+00]
  [3.91377786e+01 1.87008035e+01]
  [4.81225790e-01 1.74644801e-01]
  [1.52031897e+01 9.83184586e+00]
  [2.18386904e+01 7.46613892e+00]]

 [[1.09893822e+01 8.70867467e+00]
  [2.25922162e-37 1.78870006e+02]
  [9.43271194e+00 5.72816004e+00]
  [3.93766993e+00 7.55816101e+03]
  [1.04542447e+01 1.72321551e+01]
  [5.09337998e+00 1.63288361e+04]
  [2.25927942e-37 1.27002077e+07]
  [4.44629186e+01 1.85073997e+01]
  [3.96029445e+00 7.64485022e+03]
  [5.30757773e+00 2.60498243e+04]]

 [[5.12870296e+00 3.61649184e+04]
  [4.45119392e+00 1.04609213e+05]
  [1.13856985e+00 2.88619511e-01]
  [8.99181130e+00 1.21752893e+01]
  [2.25923804e-37 4.12167560e+04]
  [3.90112047e+00 8.16771530e+03]
  [4.96643532e+00 7.34069404e+04]
  [1.16359374e+01 7.95502348e+00]
  [4.17236883e+00 3.28391042e+03]
  [2.25922857e-37 2.31984364e+01]]

 [[1.17777077e+01 1.12332416e+01]
  [3.64844549e+00 4.24014454e+04]
  [3.82927960e+01 1.72147802e+01]
  [1.90957013e+01 8.41213929e+00]
  [2.25922180e-37 1.60031498e+07]
  [4.94107000e+00 6.47418556e+04]
  [1.08876670e+02 2.84145969e+01]
  [2.64654510e+00 1.41054125e+11]
  [2.25921070e-37 4.65595898e+05]
  [2.25927242e-37 3.16692755e+00]]

 [[5.29237704e+00 1.12779911e+04]
  [2.11656341e+01 1.00491836e+01]
  [2.66375269e+01 1.22659127e+01]
  [5.07128920e+00 5.97726867e+04]
  [4.93243366e+00 3.31116577e+04]
  [1.66562339e+01 1.10671780e+01]
  [9.71259081e+00 2.33711568e+01]
  [3.94512381e+00 1.02436949e+04]
  [5.43959138e+01 2.56148807e+01]
  [5.27375924e+00 4.49259605e+04]]

 [[2.05061573e+01 9.72497786e+00]
  [2.25922743e-37 1.57355511e+06]
  [2.65370624e+01 1.18623214e+01]
  [4.93210648e+00 1.83068468e+05]
  [6.02348800e+01 2.04259986e+01]
  [2.25930111e-37 1.45424173e+13]
  [4.10265287e+00 6.08844330e+03]
  [5.13968343e+00 7.05344324e+04]
  [5.19834702e+00 5.74964924e+04]
  [2.50201474e+01 9.47909950e+00]]

 [[1.09940092e+01 1.17083358e+01]
  [2.25927456e-37 2.98923369e+01]
  [4.73137382e+00 1.17337074e+05]
  [4.94151332e+00 1.83093315e+05]
  [3.89542154e+00 1.03124274e+04]
  [4.76156336e+00 4.20993283e+05]
  [1.42572541e+01 6.75749446e+00]
  [2.25926330e-37 2.94875668e+02]
  [2.32099847e+01 1.03726315e+01]
  [3.84684387e+00 1.74056653e+04]]

 [[1.64579536e+01 9.91594645e+00]
  [2.25929734e-37 8.64616157e+01]
  [1.12059306e+01 5.34048587e+00]
  [2.25923586e-37 2.09448031e+30]
  [2.25926507e-37 6.05977855e-01]
  [4.75720747e+00 3.75184767e+04]
  [9.23247991e+00 1.67558436e+01]
  [1.34758375e+01 5.79276781e+00]
  [7.96336725e-02 0.00000000e+00]
  [4.02213156e+00 6.19782324e+03]]

 [[2.19662445e+01 6.70974759e+00]
  [1.37690870e+01 7.97425405e+00]
  [4.12029299e+00 6.87468291e+03]
  [2.76934086e+01 1.46634873e+01]
  [4.71370460e+00 1.01697474e+05]
  [1.16721722e+01 4.93353675e+00]
  [1.38476491e+01 6.80331102e+00]
  [2.25930095e-37 1.73873908e+04]
  [2.25918369e-37 0.00000000e+00]
  [3.99732458e+00 1.01150351e+04]]

 [[5.60165175e+00 3.91180759e+03]
  [4.78336187e+00 1.41532178e+05]
  [3.86907531e+00 1.12569682e+04]
  [5.90438241e+00 3.13554240e+03]
  [3.97496280e+00 6.80753112e+03]
  [1.24469383e+00 3.70575900e-01]
  [1.01755866e+01 4.80674300e+00]
  [1.05428276e+01 2.60366220e+01]
  [5.00402725e+00 4.94861805e+04]
  [2.25920309e-37 2.69338562e+01]]]



-------------------------------------------------------------------------------------------------------------------------------------



2023-05-30 13:16:24.531386
[[[3.89625972e+00 1.34647798e+04]
  [2.84197898e+01 1.56396328e+01]
  [1.48569570e+01 7.58539748e+00]
  [3.88583482e+00 7.27618165e+03]
  [2.41423527e+01 1.17776868e+01]
  [1.15983949e+01 3.74930086e+00]
  [3.91377786e+01 1.87008035e+01]
  [4.81225790e-01 1.74644801e-01]
  [1.52031897e+01 9.83184586e+00]
  [2.18386904e+01 7.46613892e+00]]

 [[1.09893822e+01 8.70867467e+00]
  [2.25922162e-37 1.78870006e+02]
  [9.43271194e+00 5.72816004e+00]
  [3.93766993e+00 7.55816101e+03]
  [1.04542447e+01 1.72321551e+01]
  [5.09337998e+00 1.63288361e+04]
  [2.25927942e-37 1.27002077e+07]
  [4.44629186e+01 1.85073997e+01]
  [3.96029445e+00 7.64485022e+03]
  [5.30757773e+00 2.60498243e+04]]

 [[5.12870296e+00 3.61649184e+04]
  [4.45119392e+00 1.04609213e+05]
  [1.13856985e+00 2.88619511e-01]
  [8.99181130e+00 1.21752893e+01]
  [2.25923804e-37 4.12167560e+04]
  [3.90112047e+00 8.16771530e+03]
  [4.96643532e+00 7.34069404e+04]
  [1.16359374e+01 7.95502348e+00]
  [4.17236883e+00 3.28391042e+03]
  [2.25922857e-37 2.31984364e+01]]

 [[1.17777077e+01 1.12332416e+01]
  [3.64844549e+00 4.24014454e+04]
  [3.82927960e+01 1.72147802e+01]
  [1.90957013e+01 8.41213929e+00]
  [2.25922180e-37 1.60031498e+07]
  [4.94107000e+00 6.47418556e+04]
  [1.08876670e+02 2.84145969e+01]
  [2.64654510e+00 1.41054125e+11]
  [2.25921070e-37 4.65595898e+05]
  [2.25927242e-37 3.16692755e+00]]

 [[5.29237704e+00 1.12779911e+04]
  [2.11656341e+01 1.00491836e+01]
  [2.66375269e+01 1.22659127e+01]
  [5.07128920e+00 5.97726867e+04]
  [4.93243366e+00 3.31116577e+04]
  [1.66562339e+01 1.10671780e+01]
  [9.71259081e+00 2.33711568e+01]
  [3.94512381e+00 1.02436949e+04]
  [5.43959138e+01 2.56148807e+01]
  [5.27375924e+00 4.49259605e+04]]

 [[2.05061573e+01 9.72497786e+00]
  [2.25922743e-37 1.57355511e+06]
  [2.65370624e+01 1.18623214e+01]
  [4.93210648e+00 1.83068468e+05]
  [6.02348800e+01 2.04259986e+01]
  [2.25930111e-37 1.45424173e+13]
  [4.10265287e+00 6.08844330e+03]
  [5.13968343e+00 7.05344324e+04]
  [5.19834702e+00 5.74964924e+04]
  [2.50201474e+01 9.47909950e+00]]

 [[1.09940092e+01 1.17083358e+01]
  [2.25927456e-37 2.98923369e+01]
  [4.73137382e+00 1.17337074e+05]
  [4.94151332e+00 1.83093315e+05]
  [3.89542154e+00 1.03124274e+04]
  [4.76156336e+00 4.20993283e+05]
  [1.42572541e+01 6.75749446e+00]
  [2.25926330e-37 2.94875668e+02]
  [2.32099847e+01 1.03726315e+01]
  [3.84684387e+00 1.74056653e+04]]

 [[1.64579536e+01 9.91594645e+00]
  [2.25929734e-37 8.64616157e+01]
  [1.12059306e+01 5.34048587e+00]
  [2.25923586e-37 2.09448031e+30]
  [2.25926507e-37 6.05977855e-01]
  [4.75720747e+00 3.75184767e+04]
  [9.23247991e+00 1.67558436e+01]
  [1.34758375e+01 5.79276781e+00]
  [7.96336725e-02 0.00000000e+00]
  [4.02213156e+00 6.19782324e+03]]

 [[2.19662445e+01 6.70974759e+00]
  [1.37690870e+01 7.97425405e+00]
  [4.12029299e+00 6.87468291e+03]
  [2.76934086e+01 1.46634873e+01]
  [4.71370460e+00 1.01697474e+05]
  [1.16721722e+01 4.93353675e+00]
  [1.38476491e+01 6.80331102e+00]
  [2.25930095e-37 1.73873908e+04]
  [2.25918369e-37 0.00000000e+00]
  [3.99732458e+00 1.01150351e+04]]

 [[5.60165175e+00 3.91180759e+03]
  [4.78336187e+00 1.41532178e+05]
  [3.86907531e+00 1.12569682e+04]
  [5.90438241e+00 3.13554240e+03]
  [3.97496280e+00 6.80753112e+03]
  [1.24469383e+00 3.70575900e-01]
  [1.01755866e+01 4.80674300e+00]
  [1.05428276e+01 2.60366220e+01]
  [5.00402725e+00 4.94861805e+04]
  [2.25920309e-37 2.69338562e+01]]]



-------------------------------------------------------------------------------------------------------------------------------------



2023-05-30 13:17:46.281757
[[[3.89625972e+00 1.34647798e+04]
  [2.84197898e+01 1.56396328e+01]
  [1.48569570e+01 7.58539748e+00]
  [3.88583482e+00 7.27618165e+03]
  [2.41423527e+01 1.17776868e+01]
  [1.15983949e+01 3.74930086e+00]
  [3.91377786e+01 1.87008035e+01]
  [4.81225790e-01 1.74644801e-01]
  [1.52031897e+01 9.83184586e+00]
  [2.18386904e+01 7.46613892e+00]]

 [[1.09893822e+01 8.70867467e+00]
  [2.25922162e-37 1.78870006e+02]
  [9.43271194e+00 5.72816004e+00]
  [3.93766993e+00 7.55816101e+03]
  [1.04542447e+01 1.72321551e+01]
  [5.09337998e+00 1.63288361e+04]
  [2.25927942e-37 1.27002077e+07]
  [4.44629186e+01 1.85073997e+01]
  [3.96029445e+00 7.64485022e+03]
  [5.30757773e+00 2.60498243e+04]]

 [[5.12870296e+00 3.61649184e+04]
  [4.45119392e+00 1.04609213e+05]
  [1.13856985e+00 2.88619511e-01]
  [8.99181130e+00 1.21752893e+01]
  [2.25923804e-37 4.12167560e+04]
  [3.90112047e+00 8.16771530e+03]
  [4.96643532e+00 7.34069404e+04]
  [1.16359374e+01 7.95502348e+00]
  [4.17236883e+00 3.28391042e+03]
  [2.25922857e-37 2.31984364e+01]]

 [[1.17777077e+01 1.12332416e+01]
  [3.64844549e+00 4.24014454e+04]
  [3.82927960e+01 1.72147802e+01]
  [1.90957013e+01 8.41213929e+00]
  [2.25922180e-37 1.60031498e+07]
  [4.94107000e+00 6.47418556e+04]
  [1.08876670e+02 2.84145969e+01]
  [2.64654510e+00 1.41054125e+11]
  [2.25921070e-37 4.65595898e+05]
  [2.25927242e-37 3.16692755e+00]]

 [[5.29237704e+00 1.12779911e+04]
  [2.11656341e+01 1.00491836e+01]
  [2.66375269e+01 1.22659127e+01]
  [5.07128920e+00 5.97726867e+04]
  [4.93243366e+00 3.31116577e+04]
  [1.66562339e+01 1.10671780e+01]
  [9.71259081e+00 2.33711568e+01]
  [3.94512381e+00 1.02436949e+04]
  [5.43959138e+01 2.56148807e+01]
  [5.27375924e+00 4.49259605e+04]]

 [[2.05061573e+01 9.72497786e+00]
  [2.25922743e-37 1.57355511e+06]
  [2.65370624e+01 1.18623214e+01]
  [4.93210648e+00 1.83068468e+05]
  [6.02348800e+01 2.04259986e+01]
  [2.25930111e-37 1.45424173e+13]
  [4.10265287e+00 6.08844330e+03]
  [5.13968343e+00 7.05344324e+04]
  [5.19834702e+00 5.74964924e+04]
  [2.50201474e+01 9.47909950e+00]]

 [[1.09940092e+01 1.17083358e+01]
  [2.25927456e-37 2.98923369e+01]
  [4.73137382e+00 1.17337074e+05]
  [4.94151332e+00 1.83093315e+05]
  [3.89542154e+00 1.03124274e+04]
  [4.76156336e+00 4.20993283e+05]
  [1.42572541e+01 6.75749446e+00]
  [2.25926330e-37 2.94875668e+02]
  [2.32099847e+01 1.03726315e+01]
  [3.84684387e+00 1.74056653e+04]]

 [[1.64579536e+01 9.91594645e+00]
  [2.25929734e-37 8.64616157e+01]
  [1.12059306e+01 5.34048587e+00]
  [2.25923586e-37 2.09448031e+30]
  [2.25926507e-37 6.05977855e-01]
  [4.75720747e+00 3.75184767e+04]
  [9.23247991e+00 1.67558436e+01]
  [1.34758375e+01 5.79276781e+00]
  [7.96336725e-02 0.00000000e+00]
  [4.02213156e+00 6.19782324e+03]]

 [[2.19662445e+01 6.70974759e+00]
  [1.37690870e+01 7.97425405e+00]
  [4.12029299e+00 6.87468291e+03]
  [2.76934086e+01 1.46634873e+01]
  [4.71370460e+00 1.01697474e+05]
  [1.16721722e+01 4.93353675e+00]
  [1.38476491e+01 6.80331102e+00]
  [2.25930095e-37 1.73873908e+04]
  [2.25918369e-37 0.00000000e+00]
  [3.99732458e+00 1.01150351e+04]]

 [[5.60165175e+00 3.91180759e+03]
  [4.78336187e+00 1.41532178e+05]
  [3.86907531e+00 1.12569682e+04]
  [5.90438241e+00 3.13554240e+03]
  [3.97496280e+00 6.80753112e+03]
  [1.24469383e+00 3.70575900e-01]
  [1.01755866e+01 4.80674300e+00]
  [1.05428276e+01 2.60366220e+01]
  [5.00402725e+00 4.94861805e+04]
  [2.25920309e-37 2.69338562e+01]]]



-------------------------------------------------------------------------------------------------------------------------------------



2023-05-30 13:17:55.859752
[[[3.89625972e+00 1.34647798e+04]
  [2.84197898e+01 1.56396328e+01]
  [1.48569570e+01 7.58539748e+00]
  [3.88583482e+00 7.27618165e+03]
  [2.41423527e+01 1.17776868e+01]
  [1.15983949e+01 3.74930086e+00]
  [3.91377786e+01 1.87008035e+01]
  [4.81225790e-01 1.74644801e-01]
  [1.52031897e+01 9.83184586e+00]
  [2.18386904e+01 7.46613892e+00]]

 [[1.09893822e+01 8.70867467e+00]
  [2.25922162e-37 1.78870006e+02]
  [9.43271194e+00 5.72816004e+00]
  [3.93766993e+00 7.55816101e+03]
  [1.04542447e+01 1.72321551e+01]
  [5.09337998e+00 1.63288361e+04]
  [2.25927942e-37 1.27002077e+07]
  [4.44629186e+01 1.85073997e+01]
  [3.96029445e+00 7.64485022e+03]
  [5.30757773e+00 2.60498243e+04]]

 [[5.12870296e+00 3.61649184e+04]
  [4.45119392e+00 1.04609213e+05]
  [1.13856985e+00 2.88619511e-01]
  [8.99181130e+00 1.21752893e+01]
  [2.25923804e-37 4.12167560e+04]
  [3.90112047e+00 8.16771530e+03]
  [4.96643532e+00 7.34069404e+04]
  [1.16359374e+01 7.95502348e+00]
  [4.17236883e+00 3.28391042e+03]
  [2.25922857e-37 2.31984364e+01]]

 [[1.17777077e+01 1.12332416e+01]
  [3.64844549e+00 4.24014454e+04]
  [3.82927960e+01 1.72147802e+01]
  [1.90957013e+01 8.41213929e+00]
  [2.25922180e-37 1.60031498e+07]
  [4.94107000e+00 6.47418556e+04]
  [1.08876670e+02 2.84145969e+01]
  [2.64654510e+00 1.41054125e+11]
  [2.25921070e-37 4.65595898e+05]
  [2.25927242e-37 3.16692755e+00]]

 [[5.29237704e+00 1.12779911e+04]
  [2.11656341e+01 1.00491836e+01]
  [2.66375269e+01 1.22659127e+01]
  [5.07128920e+00 5.97726867e+04]
  [4.93243366e+00 3.31116577e+04]
  [1.66562339e+01 1.10671780e+01]
  [9.71259081e+00 2.33711568e+01]
  [3.94512381e+00 1.02436949e+04]
  [5.43959138e+01 2.56148807e+01]
  [5.27375924e+00 4.49259605e+04]]

 [[2.05061573e+01 9.72497786e+00]
  [2.25922743e-37 1.57355511e+06]
  [2.65370624e+01 1.18623214e+01]
  [4.93210648e+00 1.83068468e+05]
  [6.02348800e+01 2.04259986e+01]
  [2.25930111e-37 1.45424173e+13]
  [4.10265287e+00 6.08844330e+03]
  [5.13968343e+00 7.05344324e+04]
  [5.19834702e+00 5.74964924e+04]
  [2.50201474e+01 9.47909950e+00]]

 [[1.09940092e+01 1.17083358e+01]
  [2.25927456e-37 2.98923369e+01]
  [4.73137382e+00 1.17337074e+05]
  [4.94151332e+00 1.83093315e+05]
  [3.89542154e+00 1.03124274e+04]
  [4.76156336e+00 4.20993283e+05]
  [1.42572541e+01 6.75749446e+00]
  [2.25926330e-37 2.94875668e+02]
  [2.32099847e+01 1.03726315e+01]
  [3.84684387e+00 1.74056653e+04]]

 [[1.64579536e+01 9.91594645e+00]
  [2.25929734e-37 8.64616157e+01]
  [1.12059306e+01 5.34048587e+00]
  [2.25923586e-37 2.09448031e+30]
  [2.25926507e-37 6.05977855e-01]
  [4.75720747e+00 3.75184767e+04]
  [9.23247991e+00 1.67558436e+01]
  [1.34758375e+01 5.79276781e+00]
  [7.96336725e-02 0.00000000e+00]
  [4.02213156e+00 6.19782324e+03]]

 [[2.19662445e+01 6.70974759e+00]
  [1.37690870e+01 7.97425405e+00]
  [4.12029299e+00 6.87468291e+03]
  [2.76934086e+01 1.46634873e+01]
  [4.71370460e+00 1.01697474e+05]
  [1.16721722e+01 4.93353675e+00]
  [1.38476491e+01 6.80331102e+00]
  [2.25930095e-37 1.73873908e+04]
  [2.25918369e-37 0.00000000e+00]
  [3.99732458e+00 1.01150351e+04]]

 [[5.60165175e+00 3.91180759e+03]
  [4.78336187e+00 1.41532178e+05]
  [3.86907531e+00 1.12569682e+04]
  [5.90438241e+00 3.13554240e+03]
  [3.97496280e+00 6.80753112e+03]
  [1.24469383e+00 3.70575900e-01]
  [1.01755866e+01 4.80674300e+00]
  [1.05428276e+01 2.60366220e+01]
  [5.00402725e+00 4.94861805e+04]
  [2.25920309e-37 2.69338562e+01]]]



-------------------------------------------------------------------------------------------------------------------------------------



